2 0.467183 0.413076 0.0986316 0.0510833
2 0.0488978 0.510168 0.091246 0.118065
10 0.706726 0.533618 0.0278416 0.0932361
2 0.361591 0.42456 0.098963 0.0585492
2 0.125499 0.445446 0.101827 0.0598185
9 0.111257 0.183694 0.0170218 0.0641221
2 0.256929 0.426668 0.0240409 0.0335388
9 0.131497 0.376407 0.00799069 0.0219588
7 0.650743 0.389951 0.103749 0.0616721
2 0.650928 0.390256 0.104214 0.0616486
2 0.0121735 0.440798 0.0242243 0.0507377
2 0.067635 0.426086 0.0630646 0.0342239
2 0.316424 0.402293 0.0182247 0.0196781
2 0.0680936 0.442345 0.0652255 0.0663901
10 0.671645 0.448584 0.0110565 0.038395
10 0.42946 0.486745 0.0124857 0.032696
