2 0.18466 0.502705 0.116347 0.13479
2 0.375488 0.444089 0.043069 0.0528603
2 0.72503 0.407151 0.0429688 0.0411513
9 0.257868 0.22417 0.0155339 0.0619163
2 0.415309 0.424936 0.0301 0.0409032
2 0.439135 0.418551 0.0215746 0.0294715
5 0.20737 0.413921 0.0778354 0.0761611
2 0.905743 0.383066 0.0355568 0.0373601
9 0.0625582 0.240347 0.0135833 0.0557595
9 0.0150759 0.306049 0.0110668 0.0382533
2 0.814567 0.406847 0.0158482 0.0270611
9 0.153957 0.302482 0.0142957 0.0581091
2 0.327892 0.428903 0.0159004 0.0228745
