2 0.197202 0.522295 0.115779 0.135737
2 0.381278 0.46352 0.039574 0.0538534
9 0.16972 0.185383 0.0179953 0.080162
2 0.937352 0.416213 0.0420225 0.0467957
2 0.419403 0.44518 0.0275673 0.0429847
2 0.743523 0.430808 0.0330263 0.0548708
2 0.441429 0.43641 0.0205217 0.0270183
2 0.282529 0.464448 0.0193607 0.0224559
2 0.88387 0.421361 0.0722507 0.0491213
2 0.459411 0.430378 0.0184156 0.0197776
9 0.137275 0.179099 0.0375976 0.0775216
9 0.597815 0.284806 0.0178383 0.0664885
2 0.872837 0.422883 0.049493 0.0463798
2 0.489926 0.422586 0.0158394 0.025165
2 0.487817 0.425279 0.0152658 0.0214467
