9 0.109372 0.125649 0.021047 0.0889751
2 0.0126171 0.478066 0.0251531 0.0565416
9 0.651919 0.266313 0.0178741 0.0677236
2 0.988114 0.360234 0.0231541 0.0304556
2 0.3867 0.407441 0.0359146 0.0512594
9 0.452981 0.219547 0.0110634 0.0322976
2 0.905405 0.381471 0.129149 0.0783307
2 0.440451 0.381949 0.0144339 0.0163635
9 0.16984 0.342128 0.0137012 0.0292504
9 0.575538 0.325696 0.0145063 0.0688666
9 0.380453 0.24749 0.012027 0.0392076
9 0.242869 0.105608 0.0246058 0.0888746
9 0.452986 0.226181 0.0133705 0.0485945
