2 0.634533 0.449302 0.167748 0.109047
2 0.0737427 0.508597 0.129647 0.160682
2 0.228212 0.463757 0.0744091 0.0912145
2 0.29712 0.459096 0.0697929 0.104962
2 0.15233 0.481848 0.0380957 0.0741158
2 0.0142929 0.512751 0.0283176 0.103466
9 0.431763 0.131036 0.0209698 0.0747278
2 0.454707 0.416293 0.0335958 0.052897
9 0.646689 0.295058 0.0214834 0.0917282
9 0.645047 0.346264 0.0118074 0.0408573
9 0.306187 0.174432 0.0204186 0.0707664
9 0.645787 0.27835 0.0182589 0.0558672
2 0.385792 0.414189 0.0182736 0.0249259
9 0.644828 0.34325 0.0101481 0.0331951
